0 Untitled Model
0 Name:  E-XX_side_variations
0 Author:  Jeremy Kuzub
0 CustomBrick
1 15 15.815780 -177.554800 -156.693100 0.999798 0.000001 0.020019 0.000001 0.999999 -0.000019 -0.020018 0.000018 0.999800 42918.dat
1 15 3.215310 -153.552400 -286.466500 -0.999798 0.000001 -0.020019 -0.000001 0.999999 0.000017 0.020018 0.000016 -0.999800 54200.dat
1 0 16.015990 -161.555000 -146.694800 0.999798 0.000001 0.020019 0.000001 0.999999 -0.000017 -0.020018 0.000016 0.999800 3023.dat
1 322 16.416320 -169.555400 -126.698900 0.999798 0.000001 0.020019 0.000001 0.999999 -0.000017 -0.020018 0.000016 0.999800 3023.dat
1 0 16.416330 -161.555400 -126.698800 0.999798 0.000001 0.020019 0.000001 0.999999 -0.000017 -0.020018 0.000016 0.999800 3023.dat
1 15 23.211320 -153.552400 -286.866800 0.999798 0.000001 0.020019 0.000001 0.999999 -0.000017 -0.020018 0.000016 0.999800 26604.dat
1 322 2.854960 -143.552100 -304.462600 -0.000001 0.020019 -0.999798 -0.999999 -0.000017 -0.000001 -0.000016 0.999800 0.020018 98138.dat
1 15 3.215300 -153.552400 -286.466400 -0.020020 0.000001 0.999798 0.000017 0.999999 0.000001 -0.999800 0.000016 -0.020019 26604.dat
1 322 22.850970 -143.552100 -304.863100 -0.000001 0.020019 -0.999798 -0.999999 -0.000017 -0.000001 -0.000016 0.999800 0.020018 98138.dat
1 0 17.217120 -129.556900 -86.706230 -0.999798 0.000001 -0.020019 -0.000001 0.999999 0.000002 0.020018 0.000001 -0.999800 3747b.dat
1 15 23.211320 -153.552400 -286.866800 -0.999798 0.000001 -0.020019 -0.000001 0.999999 0.000017 0.020018 0.000016 -0.999800 54200.dat
1 0 17.417280 -153.556400 -76.708610 -0.999798 0.000001 -0.020019 -0.000001 0.999999 0.000019 0.020018 0.000018 -0.999800 41766.dat
1 0 10.058330 -65.605700 2.358490 -0.020018 0.999798 -0.000001 0.000020 0.000001 -0.999999 -0.999800 -0.020017 -0.000019 11213.dat
1 0 31.054420 -65.605730 1.938130 -0.020018 -0.999798 0.000001 0.000020 -0.000001 0.999999 -0.999800 0.020017 0.000019 11213.dat
1 322 2.059950 -65.605720 2.518620 -0.020018 0.999798 -0.000001 0.000020 0.000001 -0.999999 -0.999800 -0.020017 -0.000019 11213.dat
1 15 63.287800 -65.605780 1.292660 -0.000001 -0.999799 -0.020018 -0.999999 -0.000001 0.000020 -0.000019 0.020017 -0.999801 65617.dat
1 15 63.287800 -65.605780 1.292690 -0.020018 -0.999799 0.000001 0.000020 -0.000001 0.999999 -0.999801 0.020017 0.000019 65617.dat
1 15 -21.694940 -65.605790 2.994200 0.000001 0.999798 -0.020018 0.999999 0.000001 0.000020 0.000019 -0.020017 -0.999800 65617.dat
1 15 -21.694940 -65.605800 2.994230 -0.020018 0.999798 -0.000001 0.000020 0.000001 -0.999999 -0.999800 -0.020017 -0.000019 65617.dat
1 15 -21.694940 -65.605800 2.994230 0.020018 0.999798 0.000001 -0.000020 0.000001 0.999999 0.999800 -0.020017 0.000019 65617.dat
1 15 -21.694940 -65.605790 2.994200 -0.000001 0.999798 0.020018 -0.999999 0.000001 -0.000020 -0.000019 -0.020017 0.999800 65617.dat
1 15 63.287800 -65.605780 1.292690 0.020018 -0.999799 -0.000001 -0.000020 -0.000001 -0.999999 0.999801 0.020017 -0.000019 65617.dat
1 15 -34.901420 -92.235240 -92.134670 -0.019337 0.999798 0.005181 -0.258811 0.000001 -0.965927 -0.965734 -0.020018 0.258761 43711.dat
1 322 -10.759740 -124.486100 -94.986560 -0.005182 0.999798 -0.019337 0.965927 0.000002 -0.258811 -0.258761 -0.020018 -0.965734 41769.dat
1 15 -35.103100 -98.096320 -111.926200 0.005181 0.999798 0.019340 -0.965927 0.000000 0.258811 0.258761 -0.020021 0.965734 50956.dat
1 322 -12.848660 -121.389300 -199.322800 0.019337 0.999798 -0.005181 0.258811 0.000001 0.965927 0.965734 -0.020018 -0.258761 3023.dat
1 322 -13.622260 -131.741800 -237.952100 0.019337 0.999798 -0.005181 0.258811 0.000001 0.965927 0.965734 -0.020018 -0.258761 3023.dat
1 322 -14.395820 -142.094200 -276.581500 0.019337 0.999798 -0.005181 0.258811 0.000001 0.965927 0.965734 -0.020018 -0.258761 3023.dat
1 322 -11.971570 -130.355400 -155.518200 0.005171 0.999798 0.019337 -0.965928 -0.000008 0.258810 0.258760 -0.020016 0.965734 3021.dat
1 322 -10.914620 -95.508220 -102.749400 -0.019338 0.999798 0.005171 -0.258810 -0.000008 -0.965928 -0.965734 -0.020017 0.258760 3710.dat
1 322 -11.165280 -43.938850 -105.553100 0.005181 0.999798 0.019337 -0.965927 0.000001 0.258811 0.258761 -0.020018 0.965734 3023.dat
1 0 -34.716300 -92.920180 -92.611530 -0.005181 0.999798 -0.019340 0.965928 0.000000 -0.258812 -0.258761 -0.020021 -0.965734 54200.dat
1 72 -35.103100 -98.096330 -111.926200 -0.005181 0.999797 -0.019340 0.965928 0.000000 -0.258812 -0.258762 -0.020020 -0.965734 54200.dat
1 71 -35.489900 -103.272500 -131.240900 -0.005181 0.999797 -0.019340 0.965928 0.000000 -0.258812 -0.258762 -0.020020 -0.965734 54200.dat
1 322 -43.771660 -127.767100 -145.220400 0.019338 0.999798 -0.005171 0.258811 -0.000009 0.965928 0.965734 -0.020016 -0.258760 25269.dat
1 322 -44.158480 -132.943300 -164.535000 -0.019337 0.999797 0.005172 -0.258810 -0.000008 -0.965929 -0.965733 -0.020015 0.258761 25269.dat
1 15 -35.966720 -130.355300 -155.037800 -0.005172 0.999798 -0.019337 0.965928 -0.000008 -0.258810 -0.258760 -0.020016 -0.965734 41747.dat
1 0 7.457420 -65.604190 -77.605510 -0.000001 0.020018 -0.999798 -0.999999 -0.000019 -0.000001 -0.000018 0.999800 0.020016 44728.dat
1 15 63.287800 -65.605780 1.292660 0.000001 -0.999799 0.020018 0.999999 -0.000001 -0.000020 0.000019 0.020017 0.999801 65617.dat
1 322 15.618800 -57.099550 -166.477800 0.999799 0.019680 0.003510 0.000042 0.173627 -0.984810 -0.019990 0.984618 0.173592 4032a.dat
1 322 15.434910 -58.734940 -175.752800 -0.999803 -0.019680 0.003843 -0.000370 -0.173626 -0.984811 0.020049 -0.984623 0.173584 4032a.dat
1 322 15.085670 -61.803060 -193.151000 0.999799 0.019680 0.003510 0.000042 0.173626 -0.984811 -0.019990 0.984617 0.173591 4032a.dat
1 322 15.972820 -53.975880 -148.764400 -0.999804 -0.019680 0.003843 -0.000370 -0.173627 -0.984811 0.020049 -0.984626 0.173584 4032a.dat
1 71 13.613710 -129.552900 -266.670300 0.999798 0.000001 0.020018 0.000001 0.999999 -0.000021 -0.020017 0.000020 0.999800 3660.dat
1 322 16.209020 -51.892500 -136.949100 -0.003508 -0.019680 -0.999799 0.984810 -0.173627 -0.000040 -0.173592 -0.984618 0.019990 4032a.dat
1 0 15.618600 -57.101280 -166.487700 0.019680 -0.002444 -0.999802 0.173627 0.984810 0.001007 0.984618 -0.173613 0.019805 32073.dat
1 0 0.215190 -65.551260 -336.414500 0.000001 0.999798 -0.020018 0.999999 0.000001 0.000021 0.000020 -0.020017 -0.999799 11213.dat
1 0 19.210780 -65.551370 -336.794900 0.000001 -0.999798 0.020018 0.999999 -0.000001 -0.000021 0.000020 0.020017 0.999799 11213.dat
1 0 23.812290 -65.553040 -256.871000 -0.000011 -0.020018 0.999798 -0.999999 0.000021 -0.000009 -0.000020 -0.999799 -0.020017 44728.dat
1 322 -8.953549 -65.551060 -336.291000 -0.000390 -0.999798 0.020018 0.999999 -0.000393 0.000002 0.000005 0.020017 0.999799 4032a.dat
1 15 10.442160 -65.551760 -336.659400 0.999798 0.000001 0.020018 0.000001 0.999999 -0.000002 -0.020017 0.000001 0.999799 4519.dat
1 322 28.638070 -65.552920 -337.063700 0.000001 0.999798 -0.020018 0.999999 0.000001 0.000002 0.000001 -0.020017 -0.999799 4032a.dat
1 71 -16.951950 -65.554200 -336.130900 -0.000391 -0.999798 0.020018 0.999999 -0.000393 0.000002 0.000005 0.020017 0.999799 2654.dat
1 71 36.636450 -65.552910 -337.223800 0.020018 0.999798 0.000001 -0.000002 0.000001 0.999999 0.999799 -0.020017 0.000000 2654.dat
1 15 43.206210 -65.551240 -337.275300 -0.020018 -0.999810 0.000001 0.000021 -0.000001 1.000011 -0.999799 0.020017 0.000020 65617.dat
1 15 43.206360 -65.551240 -337.275300 0.000001 -0.999810 0.020018 1.000011 -0.000001 -0.000021 0.000020 0.020017 0.999799 65617.dat
1 15 43.206360 -65.551240 -337.275300 -0.000001 -0.999810 -0.020018 -1.000011 -0.000001 0.000021 -0.000020 0.020017 -0.999799 65617.dat
1 15 43.206360 -65.551210 -337.275300 0.020018 -0.999810 -0.000001 -0.000021 -0.000001 -1.000011 0.999799 0.020017 -0.000020 65617.dat
1 71 6.344700 -37.367140 -128.012100 0.999798 -0.003669 0.019693 0.000196 0.984811 0.173626 -0.020030 -0.173589 0.984615 24201.dat
1 15 -5.938410 -65.605720 2.678830 -0.000001 0.999798 0.020019 -0.999999 0.000001 -0.000020 -0.000019 -0.020018 0.999800 4032b.dat
1 0 -13.936780 -65.605830 5.838870 -0.000001 0.999798 0.020018 -0.999999 0.000001 -0.000021 -0.000020 -0.020017 0.999800 6141.dat
1 15 -23.779820 -65.551260 -335.934100 0.020018 0.999798 0.000001 -0.000021 0.000001 0.999999 0.999799 -0.020017 0.000020 65617.dat
1 15 -23.779970 -65.551270 -335.934100 0.000001 0.999798 -0.020018 0.999999 0.000001 0.000021 0.000020 -0.020017 -0.999799 65617.dat
1 15 -23.779970 -65.551270 -335.934100 -0.000001 0.999798 0.020018 -0.999999 0.000001 -0.000021 -0.000020 -0.020017 0.999799 65617.dat
1 15 -23.779970 -65.551240 -335.934100 -0.020018 0.999798 -0.000001 0.000021 0.000001 -0.999999 -0.999799 -0.020017 -0.000020 65617.dat
1 71 16.416380 -129.555500 -126.698200 0.999798 0.000001 0.020018 0.000001 0.999999 -0.000019 -0.020017 0.000018 0.999800 3700.dat
1 15 6.818700 -129.555800 -106.502000 -0.020019 0.000001 0.999798 0.000019 0.999999 0.000001 -0.999800 0.000018 -0.020018 87087.dat
1 15 26.814660 -129.555800 -106.902400 0.020019 0.000001 -0.999798 -0.000019 0.999999 -0.000001 0.999800 0.000018 0.020018 87087.dat
1 71 7.257200 -75.604000 -84.603690 -0.999798 -0.020018 -0.000001 -0.000001 0.000019 -0.999999 0.020017 -0.999800 -0.000018 32523.dat
1 15 47.051220 -65.605720 4.617860 -0.000001 -0.999798 -0.020019 -0.999999 -0.000001 0.000020 -0.000019 0.020018 -0.999800 4032b.dat
1 0 55.049640 -65.605800 4.457620 -0.000001 -0.999798 -0.020019 -1.000000 -0.000001 0.000019 -0.000018 0.020018 -0.999800 6141.dat
1 71 16.387400 -65.605590 5.231810 0.999798 0.000495 0.020013 -0.000004 0.999701 -0.024451 -0.020018 0.024445 0.999501 4519.dat
1 15 -21.935160 -65.605830 2.999010 -0.000001 0.999798 0.020018 -0.999999 0.000001 -0.000021 -0.000020 -0.020017 0.999800 43898.dat
1 15 63.048030 -65.605850 1.297470 -0.000011 -0.999798 -0.020019 -0.999999 0.000009 0.000019 -0.000018 0.020018 -0.999800 43898.dat
1 15 6.017960 -129.555100 -146.494000 -0.020019 0.000001 0.999798 0.000019 0.999999 0.000001 -0.999800 0.000018 -0.020018 87087.dat
1 15 26.013920 -129.555100 -146.894400 0.020019 0.000001 -0.999798 -0.000019 0.999999 -0.000001 0.999800 0.000018 0.020018 87087.dat
1 15 14.214270 -153.553400 -236.676700 -0.020019 0.000001 0.999798 0.000019 0.999999 0.000001 -0.999800 0.000018 -0.020018 3001.dat
1 15 15.015060 -129.554100 -196.684200 -0.020019 0.000001 0.999798 0.000019 0.999999 0.000001 -0.999800 0.000018 -0.020018 3001.dat
1 15 15.415420 -153.554500 -176.688600 0.999798 0.000001 0.020019 0.000001 0.999999 -0.000019 -0.020018 0.000018 0.999800 3003.dat
1 71 14.014110 -129.553200 -246.674200 -0.999798 0.000001 -0.020018 -0.000001 0.999999 0.000021 0.020017 0.000020 -0.999800 3700.dat
1 71 24.012390 -75.553310 -246.873100 0.999798 0.020019 -0.000011 -0.000009 -0.000021 -0.999999 -0.020018 0.999799 -0.000020 32523.dat
1 71 4.016370 -75.553260 -246.473000 0.999798 0.020019 -0.000011 -0.000009 -0.000022 -0.999999 -0.020018 0.999802 -0.000020 32523.dat
1 71 27.215120 -75.556320 -87.905440 -0.999798 -0.020018 -0.000001 -0.000001 0.000019 -0.999999 0.020017 -0.999800 -0.000018 32523.dat
1 71 -15.179050 -57.554140 -206.080200 -0.999798 0.000001 -0.020019 -0.000001 0.999999 0.000021 0.020018 0.000020 -0.999800 24201.dat
1 0 1.216130 -65.552360 -286.424700 -0.000006 0.999798 0.020019 -0.999999 -0.000004 -0.000021 -0.000020 -0.020018 0.999800 3069b.dat
1 0 23.652160 -65.552940 -264.869400 -0.000011 -0.020019 0.999798 -0.999999 0.000021 -0.000009 -0.000020 -0.999800 -0.020018 3023.dat
1 0 9.614850 -75.552760 -266.588800 -0.000006 0.999798 0.020019 -0.999999 -0.000004 -0.000021 -0.000020 -0.020018 0.999800 54200.dat
1 0 9.615060 -55.552760 -266.588400 -0.000006 0.999798 0.020019 -0.999999 -0.000004 -0.000021 -0.000020 -0.020018 0.999800 54200.dat
1 0 7.617550 -65.604320 -69.607120 -0.000001 0.020020 -0.999798 -0.999999 -0.000019 -0.000001 -0.000018 0.999800 0.020019 3023.dat
1 0 21.664380 -75.494700 -67.401940 -0.000006 -0.999798 -0.020020 -0.999999 0.000004 0.000019 -0.000018 0.020019 -0.999800 54200.dat
1 0 21.664400 -55.494740 -67.401600 -0.000006 -0.999798 -0.020020 -0.999999 0.000004 0.000019 -0.000018 0.020019 -0.999800 54200.dat
1 71 16.416420 -105.555500 -126.697800 0.999798 0.000001 0.020019 0.000001 0.999999 -0.000019 -0.020018 0.000018 0.999800 32000.dat
1 0 25.627050 -95.554780 -168.219900 0.020019 0.000006 -0.999798 -0.000019 0.999999 0.000004 0.999800 0.000018 0.020018 3737.dat
1 0 5.641800 -95.724610 -167.279400 0.020019 0.000006 -0.999798 -0.000019 0.999999 0.000004 0.999800 0.000018 0.020018 3737.dat
1 71 3.696240 -95.552890 -261.450300 0.000006 0.020019 0.999798 0.999999 -0.000019 -0.000004 0.000018 0.999800 -0.020018 41677.dat
1 71 7.553310 -95.556530 -72.818760 0.000006 0.020019 0.999798 0.999999 -0.000019 -0.000004 0.000018 0.999800 -0.020018 41677.dat
1 71 14.414570 -57.553700 -226.676800 0.999798 0.000001 0.020019 0.000001 0.999999 -0.000021 -0.020018 0.000020 0.999800 3710.dat
1 71 -15.577900 -89.553710 -226.076800 -0.999798 0.000001 -0.020019 -0.000001 0.999999 0.000021 0.020018 0.000020 -0.999800 50950.dat
1 322 -15.377700 -65.555690 -216.078200 0.020019 -0.000193 -0.999798 -0.000196 0.999999 -0.000199 0.999800 0.000199 0.020018 3023.dat
1 71 14.414510 -105.553600 -226.677800 -0.999798 0.000001 -0.020019 -0.000001 0.999999 0.000021 0.020018 0.000020 -0.999800 32000.dat
1 71 24.417230 -81.553660 -226.877500 0.999798 -0.000195 0.020019 0.000197 0.999999 -0.000021 -0.020018 0.000024 0.999800 87087.dat
1 71 4.421270 -81.553660 -226.477200 0.999798 -0.000195 0.020019 0.000197 0.999999 -0.000021 -0.020018 0.000024 0.999800 87087.dat
1 71 17.017000 -55.558100 -97.702900 -0.999798 -0.020018 0.000195 -0.000197 0.000004 -0.999999 0.020017 -0.999804 -0.000007 3938.dat
1 71 16.430730 -61.000620 -124.046200 0.999798 -0.003669 0.019680 0.000198 0.984811 0.173626 -0.020017 -0.173589 0.984617 32064a.dat
1 71 16.853940 -65.406600 -102.965300 -0.999798 -0.003669 -0.019693 -0.000196 0.984811 -0.173626 0.020030 -0.173589 -0.984615 3937.dat
1 71 16.857020 -105.556000 -106.692200 0.999798 0.000001 0.020019 0.000001 0.999999 -0.000019 -0.020018 0.000018 0.999800 32000.dat
1 71 16.067070 -105.555200 -146.144300 0.999798 0.000001 0.020019 0.000001 0.999999 -0.000019 -0.020018 0.000018 0.999800 32000.dat
1 71 26.340660 -37.363160 -128.412500 0.999798 -0.003669 0.019693 0.000196 0.984811 0.173626 -0.020030 -0.173589 0.984615 24201.dat
1 71 44.808880 -57.554080 -207.281400 -0.999798 0.000001 -0.020019 -0.000001 0.999999 0.000021 0.020018 0.000020 -0.999800 24201.dat
1 15 67.819380 -128.770400 -157.037400 0.005243 -0.999798 -0.019320 -0.965020 0.000004 -0.262174 0.262123 0.020018 -0.964827 41748.dat
1 15 68.680520 -96.361290 -114.038500 -0.005243 -0.999798 0.019320 0.965020 0.000004 0.262174 -0.262123 0.020018 0.964827 50955.dat
1 15 69.066920 -91.117770 -94.741970 0.019320 -0.999798 0.005243 0.262174 0.000004 -0.965020 0.964827 0.020018 0.262123 43710.dat
1 322 42.946570 -119.956900 -200.392500 0.019320 -0.999798 0.005252 0.262173 -0.000005 -0.965020 0.964827 0.020020 0.262122 3023.dat
1 322 42.173780 -130.443800 -238.985600 0.019320 -0.999798 0.005252 0.262173 -0.000005 -0.965020 0.964827 0.020020 0.262122 3023.dat
1 322 45.035850 -122.690000 -96.046170 0.005243 -0.999798 -0.019320 -0.965020 0.000004 -0.262174 0.262123 0.020018 -0.964827 41770.dat
1 322 44.878560 -93.739450 -103.909800 -0.019320 -0.999798 -0.005243 -0.262174 0.000004 0.965020 -0.964827 0.020018 -0.262123 3710.dat
1 322 43.824220 -128.770300 -156.557000 -0.005243 -0.999798 0.019320 0.965020 0.000004 0.262174 -0.262123 0.020018 0.964827 3021.dat
1 322 41.400980 -140.930800 -277.578700 0.019320 -0.999798 0.005252 0.262173 -0.000005 -0.965020 0.964827 0.020020 0.262122 3023.dat
1 322 44.805500 -42.866710 -107.367600 0.005655 -0.999796 -0.019320 -0.965020 -0.000394 -0.262174 0.262115 0.020126 -0.964827 3023.dat
1 322 76.010960 -126.148700 -147.549300 0.019323 -0.999798 0.005242 0.262174 0.000006 -0.965020 0.964827 0.020021 0.262123 25269.dat
1 322 75.624560 -131.392200 -166.845900 -0.019324 -0.999798 -0.005243 -0.262174 0.000005 0.965020 -0.964827 0.020022 -0.262123 25269.dat
1 0 69.066920 -91.117770 -94.741970 0.005243 -0.999798 -0.019320 -0.965020 0.000004 -0.262174 0.262123 0.020018 -0.964827 54200.dat
1 72 68.680520 -96.361290 -114.038500 0.005243 -0.999798 -0.019320 -0.965020 0.000004 -0.262174 0.262123 0.020018 -0.964827 54200.dat
1 71 68.294120 -101.604800 -133.335100 0.005243 -0.999798 -0.019320 -0.965020 0.000004 -0.262174 0.262123 0.020018 -0.964827 54200.dat
1 15 69.260120 -88.496060 -85.093730 0.005243 -0.999798 -0.019320 -0.965020 0.000004 -0.262174 0.262123 0.020018 -0.964827 41747.dat
1 15 67.714520 -109.470000 -162.279900 0.005243 -0.999798 -0.019320 -0.965020 0.000004 -0.262174 0.262123 0.020018 -0.964827 41747.dat
1 71 44.409980 -89.553630 -227.277800 -0.999798 0.000001 -0.020019 -0.000001 0.999999 0.000021 0.020018 0.000020 -0.999800 50950.dat
1 322 44.610190 -65.552120 -217.279200 0.020019 -0.000193 -0.999798 -0.000196 0.999999 -0.000199 0.999800 0.000199 0.020018 3023.dat
1 322 16.736540 -33.892660 -108.520100 -0.999798 -0.003669 -0.019693 -0.000196 0.984811 -0.173626 0.020030 -0.173589 -0.984615 3023.dat
1 71 16.765890 -41.771140 -107.131400 -0.999798 -0.003669 -0.019693 -0.000196 0.984811 -0.173626 0.020030 -0.173589 -0.984615 3023.dat
1 322 14.769410 -64.593270 -206.973900 0.999799 0.019680 0.003510 0.000042 0.173626 -0.984811 -0.019990 0.984618 0.173591 4032a.dat
1 322 39.052800 -65.605720 1.778030 -0.020018 -0.999798 0.000001 0.000020 -0.000001 0.999999 -0.999800 0.020017 0.000019 11213.dat
